1 1  4.085203219246206e+07
1 2  1.318109040264424e+07
2 1  1.318109040264424e+07
1 3  1.318109040264423e+07
3 1  1.318109040264423e+07
1 4  1.243322813419358e+07
4 1  1.243322813419358e+07
1 5  2.804487319711543e+05
5 1  2.804487319711543e+05
1 6  1.205929547475962e+07
6 1  1.205929547475962e+07
1 7  1.243322813419359e+07
7 1  1.243322813419359e+07
1 8  1.205929547475962e+07
8 1  1.205929547475962e+07
1 9  2.804487319711562e+05
9 1  2.804487319711562e+05
1 10  4.954595352672676e+06
10 1  4.954595352672676e+06
1 11 -5.328525907451925e+06
11 1 -5.328525907451925e+06
1 12 -5.328525907451925e+06
12 1 -5.328525907451925e+06
1 13 -1.392895520200878e+07
13 1 -1.392895520200878e+07
1 14 -2.804487319711538e+05
14 1 -2.804487319711538e+05
1 15 -2.804487319711542e+05
15 1 -2.804487319711542e+05
1 16 -1.916399738180690e+07
16 1 -1.916399738180690e+07
1 17 -1.318109040264424e+07
17 1 -1.318109040264424e+07
1 18  5.328525907451924e+06
18 1  5.328525907451924e+06
1 19 -1.916399738180690e+07
19 1 -1.916399738180690e+07
1 20  5.328525907451924e+06
20 1  5.328525907451924e+06
1 21 -1.318109040264424e+07
21 1 -1.318109040264424e+07
1 22 -1.841613384789930e+07
22 1 -1.841613384789930e+07
1 23 -1.205929547475962e+07
23 1 -1.205929547475962e+07
1 24 -1.205929547475962e+07
24 1 -1.205929547475962e+07
2 2  1.000000000000000e+36
2 3  1.318108977657608e+07
3 2  1.318108977657608e+07
2 4 -2.804487319711543e+05
4 2 -2.804487319711543e+05
2 5 -1.392895260005172e+07
5 2 -1.392895260005172e+07
2 6 -2.804487186505543e+05
6 2 -2.804487186505543e+05
2 7  1.205929547475962e+07
7 2  1.205929547475962e+07
2 8  1.243322695310045e+07
8 2  1.243322695310045e+07
2 9  2.804487186505571e+05
9 2  2.804487186505571e+05
2 10  5.328525907451929e+06
10 2  5.328525907451929e+06
2 11 -1.916399556132500e+07
11 2 -1.916399556132500e+07
2 12 -1.318108977657608e+07
12 2 -1.318108977657608e+07
2 13  2.804487319711531e+05
13 2  2.804487319711531e+05
2 14  1.243322567432291e+07
14 2  1.243322567432291e+07
2 15  1.205929490197386e+07
15 2  1.205929490197386e+07
2 16 -1.318109040264423e+07
16 2 -1.318109040264423e+07
2 17 -1.916399620071376e+07
17 2 -1.916399620071376e+07
2 18  5.328525654360544e+06
18 2  5.328525654360544e+06
2 19 -5.328525907451925e+06
19 2 -5.328525907451925e+06
2 20  4.954593603233958e+06
20 2  4.954593603233958e+06
2 21 -5.328525654360542e+06
21 2 -5.328525654360542e+06
2 22 -1.205929547475962e+07
22 2 -1.205929547475962e+07
2 23 -1.841613273784936e+07
23 2 -1.841613273784936e+07
2 24 -1.205929490197386e+07
24 2 -1.205929490197386e+07
3 3  4.085203086928251e+07
3 4  1.205929547475962e+07
4 3  1.205929547475962e+07
3 5  2.804487186505561e+05
5 3  2.804487186505561e+05
3 6  1.243322695310044e+07
6 3  1.243322695310044e+07
3 7 -2.804487319711513e+05
7 3 -2.804487319711513e+05
3 8 -2.804487186505562e+05
8 3 -2.804487186505562e+05
3 9 -1.392895260005171e+07
9 3 -1.392895260005171e+07
3 10  5.328525907451928e+06
10 3  5.328525907451928e+06
3 11 -1.318108977657608e+07
11 3 -1.318108977657608e+07
3 12 -1.916399556132499e+07
12 3 -1.916399556132499e+07
3 13  2.804487319711557e+05
13 3  2.804487319711557e+05
3 14  1.205929490197386e+07
14 3  1.205929490197386e+07
3 15  1.243322567432290e+07
15 3  1.243322567432290e+07
3 16 -5.328525907451924e+06
16 3 -5.328525907451924e+06
3 17 -5.328525654360542e+06
17 3 -5.328525654360542e+06
3 18  4.954593603233956e+06
18 3  4.954593603233956e+06
3 19 -1.318109040264423e+07
19 3 -1.318109040264423e+07
3 20  5.328525654360542e+06
20 3  5.328525654360542e+06
3 21 -1.916399620071376e+07
21 3 -1.916399620071376e+07
3 22 -1.205929547475962e+07
22 3 -1.205929547475962e+07
3 23 -1.205929490197386e+07
23 3 -1.205929490197386e+07
3 24 -1.841613273784935e+07
24 3 -1.841613273784935e+07
4 4  1.000000000000000e+36
4 5 -1.318109040264424e+07
5 4 -1.318109040264424e+07
4 6  1.318109040264423e+07
6 4  1.318109040264423e+07
4 7  4.954595352672676e+06
7 4  4.954595352672676e+06
4 8  5.328525907451925e+06
8 4  5.328525907451925e+06
4 9 -5.328525907451924e+06
9 4 -5.328525907451924e+06
4 10  1.243322813419359e+07
10 4  1.243322813419359e+07
4 11 -1.205929547475962e+07
11 4 -1.205929547475962e+07
4 12  2.804487319711531e+05
12 4  2.804487319711531e+05
4 13 -1.916399738180690e+07
13 4 -1.916399738180690e+07
4 14  1.318109040264424e+07
14 4  1.318109040264424e+07
4 15  5.328525907451924e+06
15 4  5.328525907451924e+06
4 16 -1.392895520200878e+07
16 4 -1.392895520200878e+07
4 17  2.804487319711536e+05
17 4  2.804487319711536e+05
4 18 -2.804487319711526e+05
18 4 -2.804487319711526e+05
4 19 -1.841613384789930e+07
19 4 -1.841613384789930e+07
4 20  1.205929547475962e+07
20 4  1.205929547475962e+07
4 21 -1.205929547475962e+07
21 4 -1.205929547475962e+07
4 22 -1.916399738180690e+07
22 4 -1.916399738180690e+07
4 23 -5.328525907451925e+06
23 4 -5.328525907451925e+06
4 24 -1.318109040264423e+07
24 4 -1.318109040264423e+07
5 5  1.000000000000000e+36
5 6 -1.318108977657608e+07
6 5 -1.318108977657608e+07
5 7 -5.328525907451930e+06
7 5 -5.328525907451930e+06
5 8 -1.916399556132500e+07
8 5 -1.916399556132500e+07
5 9  1.318108977657608e+07
9 5  1.318108977657608e+07
5 10 -1.205929547475962e+07
10 5 -1.205929547475962e+07
5 11  1.243322695310045e+07
11 5  1.243322695310045e+07
5 12 -2.804487186505538e+05
12 5 -2.804487186505538e+05
5 13  1.318109040264423e+07
13 5  1.318109040264423e+07
5 14 -1.916399620071376e+07
14 5 -1.916399620071376e+07
5 15 -5.328525654360542e+06
15 5 -5.328525654360542e+06
5 16 -2.804487319711533e+05
16 5 -2.804487319711533e+05
5 17  1.243322567432290e+07
17 5  1.243322567432290e+07
5 18 -1.205929490197386e+07
18 5 -1.205929490197386e+07
5 19  1.205929547475962e+07
19 5  1.205929547475962e+07
5 20 -1.841613273784936e+07
20 5 -1.841613273784936e+07
5 21  1.205929490197386e+07
21 5  1.205929490197386e+07
5 22  5.328525907451925e+06
22 5  5.328525907451925e+06
5 23  4.954593603233960e+06
23 5  4.954593603233960e+06
5 24  5.328525654360544e+06
24 5  5.328525654360544e+06
6 6  1.000000000000000e+36
6 7  5.328525907451929e+06
7 6  5.328525907451929e+06
6 8  1.318108977657608e+07
8 6  1.318108977657608e+07
6 9 -1.916399556132499e+07
9 6 -1.916399556132499e+07
6 10 -2.804487319711497e+05
10 6 -2.804487319711497e+05
6 11  2.804487186505538e+05
11 6  2.804487186505538e+05
6 12 -1.392895260005171e+07
12 6 -1.392895260005171e+07
6 13 -5.328525907451925e+06
13 6 -5.328525907451925e+06
6 14  5.328525654360544e+06
14 6  5.328525654360544e+06
6 15  4.954593603233954e+06
15 6  4.954593603233954e+06
6 16  2.804487319711528e+05
16 6  2.804487319711528e+05
6 17 -1.205929490197386e+07
17 6 -1.205929490197386e+07
6 18  1.243322567432291e+07
18 6  1.243322567432291e+07
6 19 -1.205929547475962e+07
19 6 -1.205929547475962e+07
6 20  1.205929490197386e+07
20 6  1.205929490197386e+07
6 21 -1.841613273784935e+07
21 6 -1.841613273784935e+07
6 22 -1.318109040264423e+07
22 6 -1.318109040264423e+07
6 23 -5.328525654360544e+06
23 6 -5.328525654360544e+06
6 24 -1.916399620071376e+07
24 6 -1.916399620071376e+07
7 7  4.085203219246207e+07
7 8  1.318109040264424e+07
8 7  1.318109040264424e+07
7 9 -1.318109040264424e+07
9 7 -1.318109040264424e+07
7 10  1.243322813419359e+07
10 7  1.243322813419359e+07
7 11  2.804487319711510e+05
11 7  2.804487319711510e+05
7 12 -1.205929547475962e+07
12 7 -1.205929547475962e+07
7 13 -1.916399738180691e+07
13 7 -1.916399738180691e+07
7 14  5.328525907451928e+06
14 7  5.328525907451928e+06
7 15  1.318109040264424e+07
15 7  1.318109040264424e+07
7 16 -1.841613384789931e+07
16 7 -1.841613384789931e+07
7 17 -1.205929547475962e+07
17 7 -1.205929547475962e+07
7 18  1.205929547475962e+07
18 7  1.205929547475962e+07
7 19 -1.392895520200879e+07
19 7 -1.392895520200879e+07
7 20 -2.804487319711512e+05
20 7 -2.804487319711512e+05
7 21  2.804487319711517e+05
21 7  2.804487319711517e+05
7 22 -1.916399738180691e+07
22 7 -1.916399738180691e+07
7 23 -1.318109040264424e+07
23 7 -1.318109040264424e+07
7 24 -5.328525907451929e+06
24 7 -5.328525907451929e+06
8 8  1.000000000000000e+36
8 9 -1.318108977657608e+07
9 8 -1.318108977657608e+07
8 10 -2.804487319711512e+05
10 8 -2.804487319711512e+05
8 11 -1.392895260005172e+07
11 8 -1.392895260005172e+07
8 12  2.804487186505544e+05
12 8  2.804487186505544e+05
8 13 -5.328525907451925e+06
13 8 -5.328525907451925e+06
8 14  4.954593603233958e+06
14 8  4.954593603233958e+06
8 15  5.328525654360542e+06
15 8  5.328525654360542e+06
8 16 -1.205929547475962e+07
16 8 -1.205929547475962e+07
8 17 -1.841613273784935e+07
17 8 -1.841613273784935e+07
8 18  1.205929490197386e+07
18 8  1.205929490197386e+07
8 19  2.804487319711545e+05
19 8  2.804487319711545e+05
8 20  1.243322567432291e+07
20 8  1.243322567432291e+07
8 21 -1.205929490197386e+07
21 8 -1.205929490197386e+07
8 22 -1.318109040264423e+07
22 8 -1.318109040264423e+07
8 23 -1.916399620071376e+07
23 8 -1.916399620071376e+07
8 24 -5.328525654360544e+06
24 8 -5.328525654360544e+06
9 9  1.000000000000000e+36
9 10 -1.205929547475962e+07
10 9 -1.205929547475962e+07
9 11 -2.804487186505562e+05
11 9 -2.804487186505562e+05
9 12  1.243322695310044e+07
12 9  1.243322695310044e+07
9 13  1.318109040264423e+07
13 9  1.318109040264423e+07
9 14 -5.328525654360541e+06
14 9 -5.328525654360541e+06
9 15 -1.916399620071376e+07
15 9 -1.916399620071376e+07
9 16  1.205929547475962e+07
16 9  1.205929547475962e+07
9 17  1.205929490197386e+07
17 9  1.205929490197386e+07
9 18 -1.841613273784935e+07
18 9 -1.841613273784935e+07
9 19 -2.804487319711567e+05
19 9 -2.804487319711567e+05
9 20 -1.205929490197386e+07
20 9 -1.205929490197386e+07
9 21  1.243322567432290e+07
21 9  1.243322567432290e+07
9 22  5.328525907451923e+06
22 9  5.328525907451923e+06
9 23  5.328525654360541e+06
23 9  5.328525654360541e+06
9 24  4.954593603233954e+06
24 9  4.954593603233954e+06
10 10  1.000000000000000e+36
10 11 -1.318109040264424e+07
11 10 -1.318109040264424e+07
10 12 -1.318109040264424e+07
12 10 -1.318109040264424e+07
10 13 -1.841613384789931e+07
13 10 -1.841613384789931e+07
10 14  1.205929547475962e+07
14 10  1.205929547475962e+07
10 15  1.205929547475962e+07
15 10  1.205929547475962e+07
10 16 -1.916399738180691e+07
16 10 -1.916399738180691e+07
10 17 -5.328525907451930e+06
17 10 -5.328525907451930e+06
10 18  1.318109040264424e+07
18 10  1.318109040264424e+07
10 19 -1.916399738180691e+07
19 10 -1.916399738180691e+07
10 20  1.318109040264424e+07
20 10  1.318109040264424e+07
10 21 -5.328525907451928e+06
21 10 -5.328525907451928e+06
10 22 -1.392895520200879e+07
22 10 -1.392895520200879e+07
10 23  2.804487319711505e+05
23 10  2.804487319711505e+05
10 24  2.804487319711492e+05
24 10  2.804487319711492e+05
11 11  1.000000000000000e+36
11 12  1.318108977657608e+07
12 11  1.318108977657608e+07
11 13  1.205929547475962e+07
13 11  1.205929547475962e+07
11 14 -1.841613273784935e+07
14 11 -1.841613273784935e+07
11 15 -1.205929490197386e+07
15 11 -1.205929490197386e+07
11 16  5.328525907451926e+06
16 11  5.328525907451926e+06
11 17  4.954593603233959e+06
17 11  4.954593603233959e+06
11 18 -5.328525654360544e+06
18 11 -5.328525654360544e+06
11 19  1.318109040264424e+07
19 11  1.318109040264424e+07
11 20 -1.916399620071376e+07
20 11 -1.916399620071376e+07
11 21  5.328525654360543e+06
21 11  5.328525654360543e+06
11 22 -2.804487319711545e+05
22 11 -2.804487319711545e+05
11 23  1.243322567432291e+07
23 11  1.243322567432291e+07
11 24  1.205929490197386e+07
24 11  1.205929490197386e+07
12 12  1.000000000000000e+36
12 13  1.205929547475962e+07
13 12  1.205929547475962e+07
12 14 -1.205929490197386e+07
14 12 -1.205929490197386e+07
12 15 -1.841613273784935e+07
15 12 -1.841613273784935e+07
12 16  1.318109040264423e+07
16 12  1.318109040264423e+07
12 17  5.328525654360543e+06
17 12  5.328525654360543e+06
12 18 -1.916399620071376e+07
18 12 -1.916399620071376e+07
12 19  5.328525907451924e+06
19 12  5.328525907451924e+06
12 20 -5.328525654360544e+06
20 12 -5.328525654360544e+06
12 21  4.954593603233952e+06
21 12  4.954593603233952e+06
12 22 -2.804487319711532e+05
22 12 -2.804487319711532e+05
12 23  1.205929490197386e+07
23 12  1.205929490197386e+07
12 24  1.243322567432291e+07
24 12  1.243322567432291e+07
13 13  1.000000000000000e+36
13 14 -1.318109040264423e+07
14 13 -1.318109040264423e+07
13 15 -1.318109040264423e+07
15 13 -1.318109040264423e+07
13 16  1.243322813419359e+07
16 13  1.243322813419359e+07
13 17 -2.804487319711528e+05
17 13 -2.804487319711528e+05
13 18 -1.205929547475962e+07
18 13 -1.205929547475962e+07
13 19  1.243322813419358e+07
19 13  1.243322813419358e+07
13 20 -1.205929547475962e+07
20 13 -1.205929547475962e+07
13 21 -2.804487319711553e+05
21 13 -2.804487319711553e+05
13 22  4.954595352672670e+06
22 13  4.954595352672670e+06
13 23  5.328525907451924e+06
23 13  5.328525907451924e+06
13 24  5.328525907451924e+06
24 13  5.328525907451924e+06
14 14  1.000000000000000e+36
14 15  1.318108977657608e+07
15 14  1.318108977657608e+07
14 16  2.804487319711524e+05
16 14  2.804487319711524e+05
14 17 -1.392895260005171e+07
17 14 -1.392895260005171e+07
14 18 -2.804487186505550e+05
18 14 -2.804487186505550e+05
14 19 -1.205929547475962e+07
19 14 -1.205929547475962e+07
14 20  1.243322695310044e+07
20 14  1.243322695310044e+07
14 21  2.804487186505563e+05
21 14  2.804487186505563e+05
14 22 -5.328525907451924e+06
22 14 -5.328525907451924e+06
14 23 -1.916399556132500e+07
23 14 -1.916399556132500e+07
14 24 -1.318108977657608e+07
24 14 -1.318108977657608e+07
15 15  4.085203086928251e+07
15 16 -1.205929547475962e+07
16 15 -1.205929547475962e+07
15 17  2.804487186505548e+05
17 15  2.804487186505548e+05
15 18  1.243322695310044e+07
18 15  1.243322695310044e+07
15 19  2.804487319711555e+05
19 15  2.804487319711555e+05
15 20 -2.804487186505562e+05
20 15 -2.804487186505562e+05
15 21 -1.392895260005171e+07
21 15 -1.392895260005171e+07
15 22 -5.328525907451923e+06
22 15 -5.328525907451923e+06
15 23 -1.318108977657608e+07
23 15 -1.318108977657608e+07
15 24 -1.916399556132499e+07
24 15 -1.916399556132499e+07
16 16  1.000000000000000e+36
16 17  1.318109040264423e+07
17 16  1.318109040264423e+07
16 18 -1.318109040264423e+07
18 16 -1.318109040264423e+07
16 19  4.954595352672672e+06
19 16  4.954595352672672e+06
16 20 -5.328525907451925e+06
20 16 -5.328525907451925e+06
16 21  5.328525907451924e+06
21 16  5.328525907451924e+06
16 22  1.243322813419359e+07
22 16  1.243322813419359e+07
16 23  1.205929547475962e+07
23 16  1.205929547475962e+07
16 24 -2.804487319711521e+05
24 16 -2.804487319711521e+05
17 17  1.000000000000000e+36
17 18 -1.318108977657608e+07
18 17 -1.318108977657608e+07
17 19  5.328525907451924e+06
19 17  5.328525907451924e+06
17 20 -1.916399556132499e+07
20 17 -1.916399556132499e+07
17 21  1.318108977657608e+07
21 17  1.318108977657608e+07
17 22  1.205929547475962e+07
22 17  1.205929547475962e+07
17 23  1.243322695310044e+07
23 17  1.243322695310044e+07
17 24 -2.804487186505547e+05
24 17 -2.804487186505547e+05
18 18  1.000000000000000e+36
18 19 -5.328525907451925e+06
19 18 -5.328525907451925e+06
18 20  1.318108977657608e+07
20 18  1.318108977657608e+07
18 21 -1.916399556132499e+07
21 18 -1.916399556132499e+07
18 22  2.804487319711533e+05
22 18  2.804487319711533e+05
18 23  2.804487186505534e+05
23 18  2.804487186505534e+05
18 24 -1.392895260005171e+07
24 18 -1.392895260005171e+07
19 19  1.000000000000000e+36
19 20 -1.318109040264424e+07
20 19 -1.318109040264424e+07
19 21  1.318109040264423e+07
21 19  1.318109040264423e+07
19 22  1.243322813419358e+07
22 19  1.243322813419358e+07
19 23 -2.804487319711541e+05
23 19 -2.804487319711541e+05
19 24  1.205929547475962e+07
24 19  1.205929547475962e+07
20 20  1.000000000000000e+36
20 21 -1.318108977657608e+07
21 20 -1.318108977657608e+07
20 22  2.804487319711555e+05
22 20  2.804487319711555e+05
20 23 -1.392895260005172e+07
23 20 -1.392895260005172e+07
20 24  2.804487186505549e+05
24 20  2.804487186505549e+05
21 21  1.000000000000000e+36
21 22  1.205929547475962e+07
22 21  1.205929547475962e+07
21 23 -2.804487186505563e+05
23 21 -2.804487186505563e+05
21 24  1.243322695310044e+07
24 21  1.243322695310044e+07
22 22  1.000000000000000e+36
22 23  1.318109040264424e+07
23 22  1.318109040264424e+07
22 24  1.318109040264423e+07
24 22  1.318109040264423e+07
23 23  1.000000000000000e+36
23 24  1.318108977657608e+07
24 23  1.318108977657608e+07
24 24  1.000000000000000e+36
