1 1  1.032756524375590e+08
1 2  1.631443642810661e+07
2 1  1.631443642810661e+07
1 3  2.273022664041855e+07
3 1  2.273022664041855e+07
1 4  4.544358412899279e+07
4 1  4.544358412899279e+07
1 5  9.514530314153951e+06
5 1  9.514530314153951e+06
1 6  2.260717402095633e+07
6 1  2.260717402095633e+07
1 7  4.608606354287521e+06
7 1  4.608606354287521e+06
1 8  1.448942494833853e+07
8 1  1.448942494833853e+07
1 9  2.785587215204986e+07
9 1  2.785587215204986e+07
1 10  1.275406445546379e+07
10 1  1.275406445546379e+07
1 11  4.712510915674978e+05
11 1  4.712510915674978e+05
1 12 -4.976324220415633e+06
12 1 -4.976324220415633e+06
1 13 -4.179232757871012e+07
13 1 -4.179232757871012e+07
1 14 -1.441299686641762e+07
14 1 -1.441299686641762e+07
1 15 -2.768132429949347e+07
15 1 -2.768132429949347e+07
1 16 -3.283066909024568e+07
16 1 -3.283066909024568e+07
1 17 -1.039060571301134e+07
17 1 -1.039060571301134e+07
1 18  5.013352036927027e+06
18 1  5.013352036927027e+06
1 19 -5.527597880370726e+07
19 1 -5.527597880370726e+07
1 20 -3.307112230500108e+06
20 1 -3.307112230500108e+06
1 21 -2.289010088813201e+07
21 1 -2.289010088813201e+07
1 22 -3.618293190363999e+07
22 1 -3.618293190363999e+07
1 23 -1.267892797223752e+07
23 1 -1.267892797223752e+07
1 24 -2.265887544231069e+07
24 1 -2.265887544231069e+07
2 2  1.000000000000000e+36
2 3  1.631443552710607e+07
3 2  1.631443552710607e+07
2 4  7.109925087323719e+06
4 2  7.109925087323719e+06
2 5  2.117526502266014e+07
5 2  2.117526502266014e+07
2 6  7.109924769506646e+06
6 2  7.109924769506646e+06
2 7  5.735382010881805e+06
7 2  5.735382010881805e+06
2 8 -1.072843106839486e+07
8 2 -1.072843106839486e+07
2 9  6.231953468851355e+06
9 2  6.231953468851355e+06
2 10  8.211315738302046e+06
10 2  8.211315738302046e+06
2 11 -1.473472140813971e+07
11 2 -1.473472140813971e+07
2 12 -1.544421031729869e+07
12 2 -1.544421031729869e+07
2 13  6.231953580462091e+06
13 2  6.231953580462091e+06
2 14 -1.072843755758434e+07
14 2 -1.072843755758434e+07
2 15  5.735381476777611e+06
15 2  5.735381476777611e+06
2 16 -1.544421121862234e+07
16 2 -1.544421121862234e+07
2 17 -1.473472364242516e+07
17 2 -1.473472364242516e+07
2 18  8.211315271767413e+06
18 2  8.211315271767413e+06
2 19 -1.025403576135298e+07
19 2 -1.025403576135298e+07
2 20 -3.456401686969332e+07
20 2 -3.456401686969332e+07
2 21 -1.025403524180102e+07
21 2 -1.025403524180102e+07
2 22 -1.790476586510095e+07
22 2 -1.790476586510095e+07
2 23 -2.478634949079550e+07
23 2 -2.478634949079550e+07
2 24 -1.790476495490940e+07
24 2 -1.790476495490940e+07
3 3  1.032756495546222e+08
3 4  2.260717393049637e+07
4 3  2.260717393049637e+07
3 5  9.514529798762904e+06
5 3  9.514529798762904e+06
3 6  4.544358162484684e+07
6 3  4.544358162484684e+07
3 7 -2.768132415899381e+07
7 3 -2.768132415899381e+07
3 8 -1.441299599735392e+07
8 3 -1.441299599735392e+07
3 9 -4.179231812868547e+07
9 3 -4.179231812868547e+07
3 10  5.013352000505642e+06
10 3  5.013352000505642e+06
3 11 -1.039060509626506e+07
11 3 -1.039060509626506e+07
3 12 -3.283066436766225e+07
12 3 -3.283066436766225e+07
3 13  2.785587209201341e+07
13 3  2.785587209201341e+07
3 14  1.448942408932605e+07
14 3  1.448942408932605e+07
3 15  4.608597592602320e+06
15 3  4.608597592602320e+06
3 16 -4.976324162121900e+06
16 3 -4.976324162121900e+06
3 17  4.712509887807964e+05
17 3  4.712509887807964e+05
3 18  1.275405996404964e+07
18 3  1.275405996404964e+07
3 19 -2.289010096711817e+07
19 3 -2.289010096711817e+07
3 20 -3.307112024589037e+06
20 3 -3.307112024589037e+06
3 21 -5.527597660960355e+07
21 3 -5.527597660960355e+07
3 22 -2.265887537520008e+07
22 3 -2.265887537520008e+07
3 23 -1.267892728576779e+07
23 3 -1.267892728576779e+07
3 24 -3.618292963016960e+07
24 3 -3.618292963016960e+07
4 4  1.000000000000000e+36
4 5 -1.821152839306176e+05
5 4 -1.821152839306176e+05
4 6  3.032947172313244e+07
6 4  3.032947172313244e+07
4 7  1.623735066438957e+07
7 4  1.623735066438957e+07
4 8  6.508978653203565e+06
8 4  6.508978653203565e+06
4 9 -5.160696870095158e+06
9 4 -5.160696870095158e+06
4 10  2.287394370130808e+07
10 4  2.287394370130808e+07
4 11 -6.518313956424554e+06
11 4 -6.518313956424554e+06
4 12 -1.029900150445139e+07
12 4 -1.029900150445139e+07
4 13 -2.971577788982508e+07
13 4 -2.971577788982508e+07
4 14  8.060208127346952e+06
14 4  8.060208127346952e+06
4 15  5.217944986675813e+06
15 4  5.217944986675813e+06
4 16 -3.815460800607874e+07
16 4 -3.815460800607874e+07
4 17 -5.391848460528412e+06
17 4 -5.391848460528412e+06
4 18  1.031472986907241e+07
18 4  1.031472986907241e+07
4 19 -3.284237647174929e+07
19 4 -3.284237647174929e+07
4 20  3.840304963605053e+06
20 4  3.840304963605053e+06
4 21 -2.265216347774637e+07
21 4 -2.265216347774637e+07
4 22 -4.250383378418259e+07
22 4 -4.250383378418259e+07
4 23 -1.342713913059571e+07
23 4 -1.342713913059571e+07
4 24 -3.035745865708408e+07
24 4 -3.035745865708408e+07
5 5  1.000000000000000e+36
5 6 -1.821152707261725e+05
6 5 -1.821152707261725e+05
5 7  2.023417119402799e+06
7 5  2.023417119402799e+06
5 8 -5.742767649258987e+06
8 5 -5.742767649258987e+06
5 9  2.949490760222487e+06
9 5  2.949490760222487e+06
5 10 -3.309807326058561e+06
10 5 -3.309807326058561e+06
5 11 -6.348486197096646e+06
11 5 -6.348486197096646e+06
5 12 -4.417675785804840e+06
12 5 -4.417675785804840e+06
5 13  2.949490806149472e+06
13 5  2.949490806149472e+06
5 14 -5.742769685023501e+06
14 5 -5.742769685023501e+06
5 15  2.023416929422048e+06
15 5  2.023416929422048e+06
5 16 -4.417676098501465e+06
16 5 -4.417676098501465e+06
5 17 -6.348488283755091e+06
17 5 -6.348488283755091e+06
5 18 -3.309807223086989e+06
18 5 -3.309807223086989e+06
5 19 -1.249208294393873e+06
19 5 -1.249208294393873e+06
5 20 -1.101305646881772e+07
20 5 -1.101305646881772e+07
5 21 -1.249208232232906e+06
21 5 -1.249208232232906e+06
5 22 -5.328631236821709e+06
22 5 -5.328631236821709e+06
5 23 -1.307981712795400e+07
23 5 -1.307981712795400e+07
5 24 -5.328630976556540e+06
24 5 -5.328630976556540e+06
6 6  1.000000000000000e+36
6 7  5.217945183337583e+06
7 6  5.217945183337583e+06
6 8  8.060207802336676e+06
8 6  8.060207802336676e+06
6 9 -2.971577318556083e+07
9 6 -2.971577318556083e+07
6 10  1.031472992133831e+07
10 6  1.031472992133831e+07
6 11 -5.391848112030937e+06
11 6 -5.391848112030937e+06
6 12 -3.815460267299449e+07
12 6 -3.815460267299449e+07
6 13 -5.160697044190606e+06
13 6 -5.160697044190606e+06
6 14  6.508978233053573e+06
14 6  6.508978233053573e+06
6 15  1.623734619095535e+07
15 6  1.623734619095535e+07
6 16 -1.029900154760007e+07
16 6 -1.029900154760007e+07
6 17 -6.518313729754432e+06
17 6 -6.518313729754432e+06
6 18  2.287393860346948e+07
18 6  2.287393860346948e+07
6 19 -2.265216358960350e+07
19 6 -2.265216358960350e+07
6 20  3.840304764510857e+06
20 6  3.840304764510857e+06
6 21 -3.284237419844384e+07
21 6 -3.284237419844384e+07
6 22 -3.035745866737046e+07
22 6 -3.035745866737046e+07
6 23 -1.342713845689620e+07
23 6 -1.342713845689620e+07
6 24 -4.250383085800011e+07
24 6 -4.250383085800011e+07
7 7  1.005022460306541e+08
7 8  9.431075743334636e+06
8 7  9.431075743334636e+06
7 9 -2.369472810804243e+07
9 7 -2.369472810804243e+07
7 10  4.623668074514441e+07
10 7  4.623668074514441e+07
7 11  2.559070649129289e+06
11 7  2.559070649129289e+06
7 12 -2.316003130933288e+07
12 7 -2.316003130933288e+07
7 13 -5.568348668903098e+07
13 7 -5.568348668903098e+07
7 14  3.854483816615835e+06
14 7  3.854483816615835e+06
7 15  2.328357683996096e+07
15 7  2.328357683996096e+07
7 16 -3.474532197630376e+07
16 7 -3.474532197630376e+07
7 17 -5.611000487751346e+06
17 7 -5.611000487751346e+06
7 18  2.305528977944828e+07
18 7  2.305528977944828e+07
7 19 -4.425663132893972e+07
19 7 -4.425663132893972e+07
7 20 -5.858814424075890e+06
20 7 -5.858814424075890e+06
7 21  2.807642982284778e+07
21 7  2.807642982284778e+07
7 22 -3.289944380020117e+07
22 7 -3.289944380020117e+07
7 23 -1.213361442753714e+07
23 7 -1.213361442753714e+07
7 24 -5.097158049225474e+06
24 7 -5.097158049225474e+06
8 8  1.000000000000000e+36
8 9 -8.456829092073148e+06
9 8 -8.456829092073148e+06
8 10 -1.044279846518503e+05
10 8 -1.044279846518503e+05
8 11  1.851546167813176e+07
11 8  1.851546167813176e+07
8 12  4.130897857526436e+05
12 8  4.130897857526436e+05
8 13 -3.026415077186415e+06
13 8 -3.026415077186415e+06
8 14 -3.188086894332583e+07
14 8 -3.188086894332583e+07
8 15  3.854483843180814e+06
15 8  3.854483843180814e+06
8 16 -1.087529133830549e+07
16 8 -1.087529133830549e+07
8 17 -1.537252681442473e+07
17 8 -1.537252681442473e+07
8 18  1.114118212835365e+07
18 8  1.114118212835365e+07
8 19 -2.428351941542794e+06
19 8 -2.428351941542794e+06
8 20 -1.732043014423278e+07
20 8 -1.732043014423278e+07
8 21  6.713893809838908e+05
21 8  6.713893809838908e+05
8 22 -1.399499300319020e+07
22 8 -1.399499300319020e+07
8 23 -1.516885009795686e+07
23 8 -1.516885009795686e+07
8 24 -1.270527851180610e+06
24 8 -1.270527851180610e+06
9 9  1.000000000000000e+36
9 10 -2.317426159692395e+07
10 9 -2.317426159692395e+07
9 11 -2.208674989296176e+06
11 9 -2.208674989296176e+06
9 12  4.620307615228970e+07
12 9  4.620307615228970e+07
9 13  2.386088321286673e+07
13 9  2.386088321286673e+07
9 14 -3.026414788010345e+06
14 9 -3.026414788010345e+06
9 15 -5.568348418355820e+07
15 9 -5.568348418355820e+07
9 16  2.321414911422484e+07
16 9  2.321414911422484e+07
9 17  5.918015936653888e+06
17 9  5.918015936653888e+06
9 18 -3.473821929464284e+07
18 9 -3.473821929464284e+07
9 19 -2.801411990451707e+07
19 9 -2.801411990451707e+07
9 20 -7.972806274669793e+06
20 9 -7.972806274669793e+06
9 21  2.261917298258756e+06
21 9  2.261917298258756e+06
9 22  5.112902000437175e+06
22 9  5.112902000437175e+06
9 23  6.565264978321730e+06
23 9  6.565264978321730e+06
9 24  1.310443953200717e+07
24 9  1.310443953200717e+07
10 10  1.000000000000000e+36
10 11 -9.693754080300529e+06
11 10 -9.693754080300529e+06
10 12 -3.069744576394200e+07
12 10 -3.069744576394200e+07
10 13 -3.473822172650761e+07
13 10 -3.473822172650761e+07
10 14  1.114118252900711e+07
14 10  1.114118252900711e+07
10 15  2.305528963552368e+07
15 10  2.305528963552368e+07
10 16 -4.210719585419385e+07
16 10 -4.210719585419385e+07
10 17 -3.844726200636067e+06
17 10 -3.844726200636067e+06
10 18  3.065483905811552e+07
18 10  3.065483905811552e+07
10 19 -2.931902363724808e+07
19 10 -2.931902363724808e+07
10 20  6.352109817583731e+06
20 10  6.352109817583731e+06
10 21 -4.906334572166921e+06
21 10 -4.906334572166921e+06
10 22 -3.657473226975454e+07
22 10 -3.657473226975454e+07
10 23 -8.751892493245881e+06
23 10 -8.751892493245881e+06
10 24 -1.026016868245028e+07
24 10 -1.026016868245028e+07
11 11  1.000000000000000e+36
11 12  1.008878967733389e+07
12 11  1.008878967733389e+07
11 13  5.918016168482107e+06
13 11  5.918016168482107e+06
11 14 -1.537252666496317e+07
14 11 -1.537252666496317e+07
11 15 -5.611000030268087e+06
15 11 -5.611000030268087e+06
11 16  4.181685896180590e+06
16 11  4.181685896180590e+06
11 17 -9.395123229578977e+06
17 11 -9.395123229578977e+06
11 18 -3.844725835505630e+06
18 11 -3.844725835505630e+06
11 19  4.438375551579037e+06
19 11  4.438375551579037e+06
11 20 -5.972746666402211e+06
20 11 -5.972746666402211e+06
11 21  4.846665611981273e+06
21 11  4.846665611981273e+06
11 22 -1.356331320213434e+06
22 11 -1.356331320213434e+06
11 23  1.200954852959967e+06
23 11  1.200954852959967e+06
11 24  1.251139877405072e+07
24 11  1.251139877405072e+07
12 12  1.000000000000000e+36
12 13  2.321414925885900e+07
13 12  2.321414925885900e+07
12 14 -1.087529057984642e+07
14 12 -1.087529057984642e+07
12 15 -3.474531946478646e+07
15 12 -3.474531946478646e+07
12 16  3.071846933849400e+07
16 12  3.071846933849400e+07
12 17  4.181685829351407e+06
17 12  4.181685829351407e+06
12 18 -4.210719279483999e+07
18 12 -4.210719279483999e+07
12 19  4.928705957439427e+06
19 12  4.928705957439427e+06
12 20  2.651165149659161e+05
20 12  2.651165149659161e+05
12 21  1.628806382826585e+07
21 12  1.628806382826585e+07
12 22  1.027147824334949e+07
22 12  1.027147824334949e+07
12 23  1.578849487554610e+07
23 12  1.578849487554610e+07
12 24  2.447670569485152e+07
24 12  2.447670569485152e+07
13 13  1.000000000000000e+36
13 14 -8.456829379715379e+06
14 13 -8.456829379715379e+06
13 15 -2.369472812708601e+07
15 13 -2.369472812708601e+07
13 16  4.620307896337530e+07
16 13  4.620307896337530e+07
13 17 -2.208674985110811e+06
17 13 -2.208674985110811e+06
13 18 -2.317426174651515e+07
18 13 -2.317426174651515e+07
13 19  2.261925700071746e+06
19 13  2.261925700071746e+06
13 20 -7.972806549124824e+06
20 13 -7.972806549124824e+06
13 21 -2.801411982629075e+07
21 13 -2.801411982629075e+07
13 22  1.310444401278743e+07
22 13  1.310444401278743e+07
13 23  6.565265436043756e+06
23 13  6.565265436043756e+06
13 24  5.112902180343382e+06
24 13  5.112902180343382e+06
14 14  1.000000000000000e+36
14 15  9.431075006364780e+06
15 14  9.431075006364780e+06
14 16  4.130900838740569e+05
16 14  4.130900838740569e+05
14 17  1.851546178839488e+07
17 14  1.851546178839488e+07
14 18 -1.044281143094173e+05
18 14 -1.044281143094173e+05
14 19  6.713894242589285e+05
19 14  6.713894242589285e+05
14 20 -1.732042409316852e+07
20 14 -1.732042409316852e+07
14 21 -2.428351749197974e+06
21 14 -2.428351749197974e+06
14 22 -1.270527734969890e+06
22 14 -1.270527734969890e+06
14 23 -1.516884790901527e+07
23 14 -1.516884790901527e+07
14 24 -1.399499209738024e+07
24 14 -1.399499209738024e+07
15 15  1.005022430311514e+08
15 16 -2.316003116967257e+07
16 15 -2.316003116967257e+07
15 17  2.559070399972687e+06
17 15  2.559070399972687e+06
15 18  4.623667814848255e+07
18 15  4.623667814848255e+07
15 19  2.807642998078134e+07
19 15  2.807642998078134e+07
15 20 -5.858813935354342e+06
20 15 -5.858813935354342e+06
15 21 -4.425662222910278e+07
21 15 -4.425662222910278e+07
15 22 -5.097157846689736e+06
22 15 -5.097157846689736e+06
15 23 -1.213361369009551e+07
23 15 -1.213361369009551e+07
15 24 -3.289943908574413e+07
24 15 -3.289943908574413e+07
16 16  1.000000000000000e+36
16 17  1.008879037041731e+07
17 16  1.008879037041731e+07
16 18 -3.069744576546130e+07
18 16 -3.069744576546130e+07
16 19  1.628806816805080e+07
19 16  1.628806816805080e+07
16 20  2.651165766688999e+05
20 16  2.651165766688999e+05
16 21  4.928705903513244e+06
21 16  4.928705903513244e+06
16 22  2.447671078338472e+07
22 16  2.447671078338472e+07
16 23  1.578849572828844e+07
23 16  1.578849572828844e+07
16 24  1.027147828862375e+07
24 16  1.027147828862375e+07
17 17  1.000000000000000e+36
17 18 -9.693753733187612e+06
18 17 -9.693753733187612e+06
17 19  4.846665954072100e+06
19 17  4.846665954072100e+06
17 20 -5.972744682841995e+06
20 17 -5.972744682841995e+06
17 21  4.438375415661078e+06
21 17  4.438375415661078e+06
17 22  1.251139952254857e+07
22 17  1.251139952254857e+07
17 23  1.200957034974141e+06
23 17  1.200957034974141e+06
17 24 -1.356331107477818e+06
24 17 -1.356331107477818e+06
18 18  1.000000000000000e+36
18 19 -4.906334604109311e+06
19 18 -4.906334604109311e+06
18 20  6.352109507892772e+06
20 18  6.352109507892772e+06
18 21 -2.931901906410670e+07
21 18 -2.931901906410670e+07
18 22 -1.026016862747748e+07
22 18 -1.026016862747748e+07
18 23 -8.751892001924198e+06
23 18 -8.751892001924198e+06
18 24 -3.657472694498906e+07
24 18 -3.657472694498906e+07
19 19  1.000000000000000e+36
19 20 -9.836380248360997e+05
20 19 -9.836380248360997e+05
19 21  2.282024331112733e+07
21 19  2.282024331112733e+07
19 22  4.659432678758082e+07
22 19  4.659432678758082e+07
19 23  4.958803092215669e+06
23 19  4.958803092215669e+06
19 24  2.263733981599996e+07
24 19  2.263733981599996e+07
20 20  1.000000000000000e+36
20 21 -9.836379911385189e+05
21 20 -9.836379911385189e+05
20 22  7.664839870679233e+06
22 20  7.664839870679233e+06
20 23  2.098429070659416e+07
23 20  2.098429070659416e+07
20 24  7.664839438382148e+06
24 20  7.664839438382148e+06
21 21  1.000000000000000e+36
21 22  2.263733972684770e+07
22 21  2.263733972684770e+07
21 23  4.958802805744171e+06
23 21  4.958802805744171e+06
21 24  4.659432428060579e+07
24 21  4.659432428060579e+07
22 22  1.000000000000000e+36
22 23  1.967900976706838e+07
23 22  1.967900976706838e+07
22 24  3.035194054610341e+07
24 22  3.035194054610341e+07
23 23  1.000000000000000e+36
23 24  1.967900877507173e+07
24 23  1.967900877507173e+07
24 24  1.000000000000000e+36
