{
 "cells": [
  {
   "cell_type": "code",
   "execution_count": 18,
   "metadata": {},
   "outputs": [
    {
     "name": "stdout",
     "output_type": "stream",
     "text": [
      "(8, 3, 8)\n"
     ]
    }
   ],
   "source": [
    "import numpy as np\n",
    "import matplotlib.pyplot as plt\n",
    "import pandas as pd\n",
    "\n",
    "def calc_N_deriv_local_kinpt(xi_int, eta_int, zeta_int):\n",
    "    N_deriv_local_kinpt = np.zeros((3, 8))\n",
    "    \n",
    "    # derivative d(Ni)/d(xi_int)\n",
    "    N_deriv_local_kinpt[0, 0] = -0.125 * (1.0 - eta_int) * (1.0 - zeta_int)\n",
    "    N_deriv_local_kinpt[0, 1] =  0.125 * (1.0 - eta_int) * (1.0 - zeta_int)\n",
    "    N_deriv_local_kinpt[0, 2] =  0.125 * (1.0 + eta_int) * (1.0 - zeta_int)\n",
    "    N_deriv_local_kinpt[0, 3] = -0.125 * (1.0 + eta_int) * (1.0 - zeta_int)\n",
    "    N_deriv_local_kinpt[0, 4] = -0.125 * (1.0 - eta_int) * (1.0 + zeta_int)\n",
    "    N_deriv_local_kinpt[0, 5] =  0.125 * (1.0 - eta_int) * (1.0 + zeta_int)\n",
    "    N_deriv_local_kinpt[0, 6] =  0.125 * (1.0 + eta_int) * (1.0 + zeta_int)\n",
    "    N_deriv_local_kinpt[0, 7] = -0.125 * (1.0 + eta_int) * (1.0 + zeta_int)\n",
    "\n",
    "    # derivative d(Ni)/d(eta_int)\n",
    "    N_deriv_local_kinpt[1, 0] = -0.125 * (1.0 - xi_int) * (1.0 - zeta_int)\n",
    "    N_deriv_local_kinpt[1, 1] = -0.125 * (1.0 + xi_int) * (1.0 - zeta_int)\n",
    "    N_deriv_local_kinpt[1, 2] =  0.125 * (1.0 + xi_int) * (1.0 - zeta_int)\n",
    "    N_deriv_local_kinpt[1, 3] =  0.125 * (1.0 - xi_int) * (1.0 - zeta_int)\n",
    "    N_deriv_local_kinpt[1, 4] = -0.125 * (1.0 - xi_int) * (1.0 + zeta_int)\n",
    "    N_deriv_local_kinpt[1, 5] = -0.125 * (1.0 + xi_int) * (1.0 + zeta_int)\n",
    "    N_deriv_local_kinpt[1, 6] =  0.125 * (1.0 + xi_int) * (1.0 + zeta_int)\n",
    "    N_deriv_local_kinpt[1, 7] =  0.125 * (1.0 - xi_int) * (1.0 + zeta_int)\n",
    "\n",
    "    # derivative d(Ni)/d(zeta_int)\n",
    "    N_deriv_local_kinpt[2, 0] = -0.125 * (1.0 - xi_int) * (1.0 - eta_int)\n",
    "    N_deriv_local_kinpt[2, 1] = -0.125 * (1.0 + xi_int) * (1.0 - eta_int)\n",
    "    N_deriv_local_kinpt[2, 2] = -0.125 * (1.0 + xi_int) * (1.0 + eta_int)\n",
    "    N_deriv_local_kinpt[2, 3] = -0.125 * (1.0 - xi_int) * (1.0 + eta_int)\n",
    "    N_deriv_local_kinpt[2, 4] =  0.125 * (1.0 - xi_int) * (1.0 - eta_int)\n",
    "    N_deriv_local_kinpt[2, 5] =  0.125 * (1.0 + xi_int) * (1.0 - eta_int)\n",
    "    N_deriv_local_kinpt[2, 6] =  0.125 * (1.0 + xi_int) * (1.0 + eta_int)\n",
    "    N_deriv_local_kinpt[2, 7] =  0.125 * (1.0 - xi_int) * (1.0 + eta_int)\n",
    "\n",
    "    return N_deriv_local_kinpt\n",
    "\n",
    "# Coordinates for integration points (xi, eta, zeta)\n",
    "integration_points = np.array([\n",
    "    [-1/np.sqrt(3), -1/np.sqrt(3), -1/np.sqrt(3)],\n",
    "    [ 1/np.sqrt(3), -1/np.sqrt(3), -1/np.sqrt(3)],\n",
    "    [-1/np.sqrt(3),  1/np.sqrt(3), -1/np.sqrt(3)],\n",
    "    [ 1/np.sqrt(3),  1/np.sqrt(3), -1/np.sqrt(3)],\n",
    "    [-1/np.sqrt(3), -1/np.sqrt(3),  1/np.sqrt(3)],\n",
    "    [ 1/np.sqrt(3), -1/np.sqrt(3),  1/np.sqrt(3)],\n",
    "    [-1/np.sqrt(3),  1/np.sqrt(3),  1/np.sqrt(3)],\n",
    "    [ 1/np.sqrt(3),  1/np.sqrt(3),  1/np.sqrt(3)]\n",
    "])\n",
    "\n",
    "# Calculate N_deriv_local_kinpt for each integration point\n",
    "N_deriv_local_kinpt_list = [calc_N_deriv_local_kinpt(*pt) for pt in integration_points]\n",
    "all_N_deriv_local_kinpt = np.array(N_deriv_local_kinpt_list)\n",
    "\n",
    "print(all_N_deriv_local_kinpt.shape)"
   ]
  },
  {
   "cell_type": "code",
   "execution_count": 16,
   "metadata": {},
   "outputs": [],
   "source": [
    "# Restructure the dataframe as per the requirement\n",
    "N_deriv_local_kinpt_dict = {}\n",
    "\n",
    "for idx, kinpt in enumerate(N_deriv_local_kinpt_list, 1):\n",
    "    N_deriv_local_kinpt_dict[f'kinpt {idx}'] = kinpt.T.reshape(-1)  # Flatten each kinpt for easier display\n",
    "\n",
    "# Create a new dataframe where each column represents a kinpt\n",
    "df_N_deriv = pd.DataFrame(N_deriv_local_kinpt_dict)\n",
    "\n",
    "# Create row labels for dimensions and nodes\n",
    "dim_node_labels = [f'dim {d+1} - node {n+1}' for d in range(3) for n in range(8)]\n",
    "df_N_deriv.index = dim_node_labels\n",
    "\n",
    "# Save the results to a CSV file\n",
    "df_N_deriv.to_excel('N_deriv_local_kinpt.xlsx', engine='openpyxl')"
   ]
  },
  {
   "cell_type": "code",
   "execution_count": 21,
   "metadata": {},
   "outputs": [
    {
     "name": "stdout",
     "output_type": "stream",
     "text": [
      "(3, 8)\n"
     ]
    }
   ],
   "source": [
    "# Define the dimensions and node data\n",
    "ndim = 3\n",
    "nnode = 8\n",
    "\n",
    "# Coordinates data\n",
    "coords = np.array([\n",
    "    [ 5.000000500000000E-004,  5.000000500000000E-004, -5.000000000000000E-004],\n",
    "    [ 5.000000500000000E-004, -5.000000000000000E-004, -5.000000000000000E-004],\n",
    "    [ 5.000000500000000E-004, -5.000000000000000E-004,  5.000000500000000E-004],\n",
    "    [ 5.000000500000000E-004,  5.000000500000000E-004,  5.000000500000000E-004],\n",
    "    [-4.999999525025496E-004,  5.000000500000000E-004, -5.000000000000000E-004],\n",
    "    [-4.999999525025496E-004, -5.000000000000000E-004, -5.000000000000000E-004],\n",
    "    [-4.999999525025496E-004, -5.000000000000000E-004,  5.000000500000000E-004],\n",
    "    [-4.999999525025496E-004,  5.000000500000000E-004,  5.000000500000000E-004]\n",
    "]).T  # transpose to shape (3, 8)\n",
    "\n",
    "print(coords.shape)"
   ]
  },
  {
   "cell_type": "code",
   "execution_count": 39,
   "metadata": {},
   "outputs": [
    {
     "name": "stdout",
     "output_type": "stream",
     "text": [
      "\n",
      "kinpt 1:\n",
      "Jacobian matrix:\n",
      "[[ 0.00000000e+00 -5.00000025e-04  0.00000000e+00]\n",
      " [ 0.00000000e+00  0.00000000e+00  5.00000025e-04]\n",
      " [-5.00000001e-04 -6.77626358e-21  0.00000000e+00]]\n",
      "djac: 1.250000128128193e-10\n",
      "Inverse Jacobian matrix:\n",
      "[[ 2.71050529e-14 -0.00000000e+00 -1.99999999e+03]\n",
      " [-1.99999990e+03 -0.00000000e+00 -0.00000000e+00]\n",
      " [ 0.00000000e+00  1.99999990e+03  0.00000000e+00]]\n",
      "N_deriv_global_kinpt:\n",
      "[[ 622.00846637  166.66666625   44.65819863  166.66666625 -622.00846637\n",
      "  -166.66666625  -44.65819863 -166.66666625]\n",
      " [ 622.00843683 -622.00843683 -166.66665833  166.66665833  166.66665833\n",
      "  -166.66665833  -44.65819651   44.65819651]\n",
      " [-622.00843683 -166.66665833  166.66665833  622.00843683 -166.66665833\n",
      "   -44.65819651   44.65819651  166.66665833]]\n",
      "dvol: 1.250000128128193e-10\n",
      "\n",
      "kinpt 2:\n",
      "Jacobian matrix:\n",
      "[[ 0.00000000e+00 -5.00000025e-04  0.00000000e+00]\n",
      " [ 6.77626358e-21  6.77626358e-21  5.00000025e-04]\n",
      " [-5.00000001e-04 -6.77626358e-21  0.00000000e+00]]\n",
      "djac: 1.250000128128193e-10\n",
      "Inverse Jacobian matrix:\n",
      "[[ 2.71050529e-14 -0.00000000e+00 -1.99999999e+03]\n",
      " [-1.99999990e+03 -0.00000000e+00 -0.00000000e+00]\n",
      " [ 2.71050516e-14  1.99999990e+03  2.71050529e-14]]\n",
      "N_deriv_global_kinpt:\n",
      "[[ 166.66666625  622.00846637  166.66666625   44.65819863 -166.66666625\n",
      "  -622.00846637 -166.66666625  -44.65819863]\n",
      " [ 622.00843683 -622.00843683 -166.66665833  166.66665833  166.66665833\n",
      "  -166.66665833  -44.65819651   44.65819651]\n",
      " [-166.66665833 -622.00843683  622.00843683  166.66665833  -44.65819651\n",
      "  -166.66665833  166.66665833   44.65819651]]\n",
      "dvol: 1.250000128128193e-10\n",
      "\n",
      "kinpt 3:\n",
      "Jacobian matrix:\n",
      "[[ 0.00000000e+00 -5.00000025e-04  0.00000000e+00]\n",
      " [ 0.00000000e+00  0.00000000e+00  5.00000025e-04]\n",
      " [-5.00000001e-04  0.00000000e+00 -2.71050543e-20]]\n",
      "djac: 1.250000128128193e-10\n",
      "Inverse Jacobian matrix:\n",
      "[[-0.00000000e+00 -1.08420212e-13 -1.99999999e+03]\n",
      " [-1.99999990e+03 -0.00000000e+00 -0.00000000e+00]\n",
      " [ 0.00000000e+00  1.99999990e+03  0.00000000e+00]]\n",
      "N_deriv_global_kinpt:\n",
      "[[ 166.66666625   44.65819863  166.66666625  622.00846637 -166.66666625\n",
      "   -44.65819863 -166.66666625 -622.00846637]\n",
      " [ 166.66665833 -166.66665833 -622.00843683  622.00843683   44.65819651\n",
      "   -44.65819651 -166.66665833  166.66665833]\n",
      " [-622.00843683 -166.66665833  166.66665833  622.00843683 -166.66665833\n",
      "   -44.65819651   44.65819651  166.66665833]]\n",
      "dvol: 1.250000128128193e-10\n",
      "\n",
      "kinpt 4:\n",
      "Jacobian matrix:\n",
      "[[ 0.00000000e+00 -5.00000025e-04  0.00000000e+00]\n",
      " [ 6.77626358e-21  6.77626358e-21  5.00000025e-04]\n",
      " [-5.00000001e-04  6.77626358e-21 -2.03287907e-20]]\n",
      "djac: 1.250000128128193e-10\n",
      "Inverse Jacobian matrix:\n",
      "[[-2.71050529e-14 -8.13151587e-14 -1.99999999e+03]\n",
      " [-1.99999990e+03 -0.00000000e+00 -0.00000000e+00]\n",
      " [ 2.71050516e-14  1.99999990e+03  2.71050529e-14]]\n",
      "N_deriv_global_kinpt:\n",
      "[[  44.65819863  166.66666625  622.00846637  166.66666625  -44.65819863\n",
      "  -166.66666625 -622.00846637 -166.66666625]\n",
      " [ 166.66665833 -166.66665833 -622.00843683  622.00843683   44.65819651\n",
      "   -44.65819651 -166.66665833  166.66665833]\n",
      " [-166.66665833 -622.00843683  622.00843683  166.66665833  -44.65819651\n",
      "  -166.66665833  166.66665833   44.65819651]]\n",
      "dvol: 1.250000128128193e-10\n",
      "\n",
      "kinpt 5:\n",
      "Jacobian matrix:\n",
      "[[ 0.00000000e+00 -5.00000025e-04  0.00000000e+00]\n",
      " [ 0.00000000e+00  0.00000000e+00  5.00000025e-04]\n",
      " [-5.00000001e-04 -6.77626358e-21  0.00000000e+00]]\n",
      "djac: 1.250000128128193e-10\n",
      "Inverse Jacobian matrix:\n",
      "[[ 2.71050529e-14 -0.00000000e+00 -1.99999999e+03]\n",
      " [-1.99999990e+03 -0.00000000e+00 -0.00000000e+00]\n",
      " [ 0.00000000e+00  1.99999990e+03  0.00000000e+00]]\n",
      "N_deriv_global_kinpt:\n",
      "[[ 622.00846637  166.66666625   44.65819863  166.66666625 -622.00846637\n",
      "  -166.66666625  -44.65819863 -166.66666625]\n",
      " [ 166.66665833 -166.66665833  -44.65819651   44.65819651  622.00843683\n",
      "  -622.00843683 -166.66665833  166.66665833]\n",
      " [-166.66665833  -44.65819651   44.65819651  166.66665833 -622.00843683\n",
      "  -166.66665833  166.66665833  622.00843683]]\n",
      "dvol: 1.250000128128193e-10\n",
      "\n",
      "kinpt 6:\n",
      "Jacobian matrix:\n",
      "[[ 0.00000000e+00 -5.00000025e-04  0.00000000e+00]\n",
      " [ 6.77626358e-21  6.77626358e-21  5.00000025e-04]\n",
      " [-5.00000001e-04 -6.77626358e-21  0.00000000e+00]]\n",
      "djac: 1.250000128128193e-10\n",
      "Inverse Jacobian matrix:\n",
      "[[ 2.71050529e-14 -0.00000000e+00 -1.99999999e+03]\n",
      " [-1.99999990e+03 -0.00000000e+00 -0.00000000e+00]\n",
      " [ 2.71050516e-14  1.99999990e+03  2.71050529e-14]]\n",
      "N_deriv_global_kinpt:\n",
      "[[ 166.66666625  622.00846637  166.66666625   44.65819863 -166.66666625\n",
      "  -622.00846637 -166.66666625  -44.65819863]\n",
      " [ 166.66665833 -166.66665833  -44.65819651   44.65819651  622.00843683\n",
      "  -622.00843683 -166.66665833  166.66665833]\n",
      " [ -44.65819651 -166.66665833  166.66665833   44.65819651 -166.66665833\n",
      "  -622.00843683  622.00843683  166.66665833]]\n",
      "dvol: 1.250000128128193e-10\n",
      "\n",
      "kinpt 7:\n",
      "Jacobian matrix:\n",
      "[[ 0.00000000e+00 -5.00000025e-04  0.00000000e+00]\n",
      " [ 0.00000000e+00  0.00000000e+00  5.00000025e-04]\n",
      " [-5.00000001e-04  0.00000000e+00 -2.71050543e-20]]\n",
      "djac: 1.250000128128193e-10\n",
      "Inverse Jacobian matrix:\n",
      "[[-0.00000000e+00 -1.08420212e-13 -1.99999999e+03]\n",
      " [-1.99999990e+03 -0.00000000e+00 -0.00000000e+00]\n",
      " [ 0.00000000e+00  1.99999990e+03  0.00000000e+00]]\n",
      "N_deriv_global_kinpt:\n",
      "[[ 166.66666625   44.65819863  166.66666625  622.00846637 -166.66666625\n",
      "   -44.65819863 -166.66666625 -622.00846637]\n",
      " [  44.65819651  -44.65819651 -166.66665833  166.66665833  166.66665833\n",
      "  -166.66665833 -622.00843683  622.00843683]\n",
      " [-166.66665833  -44.65819651   44.65819651  166.66665833 -622.00843683\n",
      "  -166.66665833  166.66665833  622.00843683]]\n",
      "dvol: 1.250000128128193e-10\n",
      "\n",
      "kinpt 8:\n",
      "Jacobian matrix:\n",
      "[[ 0.00000000e+00 -5.00000025e-04  0.00000000e+00]\n",
      " [ 6.77626358e-21  6.77626358e-21  5.00000025e-04]\n",
      " [-5.00000001e-04  6.77626358e-21 -2.03287907e-20]]\n",
      "djac: 1.250000128128193e-10\n",
      "Inverse Jacobian matrix:\n",
      "[[-2.71050529e-14 -8.13151587e-14 -1.99999999e+03]\n",
      " [-1.99999990e+03 -0.00000000e+00 -0.00000000e+00]\n",
      " [ 2.71050516e-14  1.99999990e+03  2.71050529e-14]]\n",
      "N_deriv_global_kinpt:\n",
      "[[  44.65819863  166.66666625  622.00846637  166.66666625  -44.65819863\n",
      "  -166.66666625 -622.00846637 -166.66666625]\n",
      " [  44.65819651  -44.65819651 -166.66665833  166.66665833  166.66665833\n",
      "  -166.66665833 -622.00843683  622.00843683]\n",
      " [ -44.65819651 -166.66665833  166.66665833   44.65819651 -166.66665833\n",
      "  -622.00843683  622.00843683  166.66665833]]\n",
      "dvol: 1.250000128128193e-10\n"
     ]
    }
   ],
   "source": [
    "all_N_deriv_global_kinpt = np.zeros((8, 3, 8))\n",
    "total_N_bar_deriv_global = np.zeros((ndim, nnode))\n",
    "\n",
    "vol_el = 0.0\n",
    "\n",
    "weights = [1.0, 1.0, 1.0, 1.0, 1.0, 1.0, 1.0, 1.0]\n",
    "\n",
    "for kinpt in range(8):\n",
    "\n",
    "    N_deriv_local_kinpt = all_N_deriv_local_kinpt[kinpt]\n",
    "    # print(N_deriv_local_kinpt.shape)\n",
    "    # Calculate the Jacobian matrix\n",
    "    xjac = np.zeros((ndim, ndim))\n",
    "    for inode in range(nnode):\n",
    "        for idim in range(ndim):\n",
    "            for jdim in range(ndim):\n",
    "                xjac[jdim, idim] += N_deriv_local_kinpt[jdim, inode] * coords[idim, inode]\n",
    "\n",
    "    # Calculate the determinant of the Jacobian\n",
    "    djac = np.linalg.det(xjac)\n",
    "    dvol = djac * weights[kinpt]\n",
    "\n",
    "    # Calculate the inverse of the Jacobian matrix\n",
    "    xjaci = np.linalg.inv(xjac)\n",
    "\n",
    "    N_deriv_global_kinpt = np.dot(xjaci, N_deriv_local_kinpt)\n",
    "    all_N_deriv_global_kinpt[kinpt, :, :] = N_deriv_global_kinpt\n",
    "\n",
    "    for knode in range(nnode):\n",
    "        for kdim in range(ndim):\n",
    "            total_N_bar_deriv_global[kdim,knode] = total_N_bar_deriv_global[kdim,knode]\\\n",
    "                + N_deriv_global_kinpt[kdim,knode] * dvol\n",
    "\n",
    "    vol_el = vol_el + dvol\n",
    "\n",
    "    print(f'\\nkinpt {kinpt+1}:')\n",
    "    print('Jacobian matrix:')\n",
    "    print(xjac)\n",
    "    print('djac:', djac)\n",
    "    print('Inverse Jacobian matrix:')\n",
    "    print(xjaci)\n",
    "    print('N_deriv_global_kinpt:')\n",
    "    print(N_deriv_global_kinpt)\n",
    "    print('dvol:', dvol)\n",
    "\n",
    "\n",
    "\n"
   ]
  },
  {
   "cell_type": "code",
   "execution_count": 42,
   "metadata": {},
   "outputs": [
    {
     "name": "stdout",
     "output_type": "stream",
     "text": [
      "vol_el =  1.0000001025025544e-09\n",
      "omega =  0.0\n",
      "N_bar_deriv_global:\n",
      "[[ 83.33333312  83.33333312  83.33333312  83.33333312 -83.33333312\n",
      "  -83.33333312 -83.33333312 -83.33333312]\n",
      " [ 83.33332917 -83.33332917 -83.33332917  83.33332917  83.33332917\n",
      "  -83.33332917 -83.33332917  83.33332917]\n",
      " [-83.33332917 -83.33332917  83.33332917  83.33332917 -83.33332917\n",
      "  -83.33332917  83.33332917  83.33332917]]\n"
     ]
    }
   ],
   "source": [
    "omega = 0.0\n",
    "\n",
    "u_current = np.zeros(24)\n",
    "du_current = np.zeros(24)\n",
    "\n",
    "print('vol_el = ', vol_el)\n",
    "\n",
    "# convert this fortran code to py\n",
    "\n",
    "for knode in range(nnode):\n",
    "    for kdim in range(ndim):\n",
    "        N_bar_deriv_global[kdim, knode] = total_N_bar_deriv_global[kdim, knode] / (3.0 * vol_el)\n",
    "        omega = omega + N_bar_deriv_global[kdim, knode] * u_current[ndim * knode - ndim + kdim]\n",
    "\n",
    "print('omega = ', omega)\n",
    "print('N_bar_deriv_global:')\n",
    "print(N_bar_deriv_global)"
   ]
  }
 ],
 "metadata": {
  "kernelspec": {
   "display_name": "Python 3",
   "language": "python",
   "name": "python3"
  },
  "language_info": {
   "codemirror_mode": {
    "name": "ipython",
    "version": 3
   },
   "file_extension": ".py",
   "mimetype": "text/x-python",
   "name": "python",
   "nbconvert_exporter": "python",
   "pygments_lexer": "ipython3",
   "version": "3.11.9"
  }
 },
 "nbformat": 4,
 "nbformat_minor": 2
}
